# Onda Corporation
# Hydrophone Deconvolution Data
# 
GENERATION_DATE	09-Mar-2019
# 
# Hydrophone description
HYD_MFG	ONDA
HYD_MODEL	HFO690
HYD_APERTURE_NOM_UM	125
HYD_SN	ALL
HYD_POLARITY	positive
# 
# External preamplifier description
AMP_MFG	NA
AMP_MODEL	NA
AMP_SN	NA
AMP_GAIN_NOM_DB	NA
AMP_BW_MHZ	NA
AMP_OUTPUT_IMP_NOM_OHMS	NA
# 
# Cable/adaptor between hydrophone and preamplifier
CA_BWT_HYD_AMP	NA
# 
# Environment
ELECTRICAL_LOAD	50 ohms
WATER_TEMP_DEGC	NA
WATER_RESISTIVITY_MOHMS-CM	NA
#
# Kernel Data
DATA_FIELDS	4
DATA_FIELD	FREQ_MHZ
DATA_FIELD	abs(Pa/Pa)
DATA_FIELD	angle(Pa/Pa)-deg
# End of file header
HEADER_END	0
    0.000	    1.01	  0.000E+000
    0.800	    1.02	  7.841E+000
    1.600	    1.10	  1.429E+001
    2.401	    1.19	  1.872E+001
    3.201	    1.29	  2.260E+001
    4.001	    1.46	  2.540E+001
    4.801	    1.63	  2.438E+001
    5.601	    1.76	  2.262E+001
    6.402	    1.88	  2.137E+001
    7.202	    2.03	  1.798E+001
    8.002	    2.10	  1.362E+001
    8.802	    2.10	  1.031E+001
    9.602	    2.12	  8.059E+000
   10.403	    2.12	  4.861E+000
   11.203	    2.08	  2.120E+000
   12.003	    2.01	  6.967E-001
   12.803	    1.98	 -4.193E-001
   13.603	    1.92	 -1.700E+000
   14.404	    1.84	 -2.419E+000
   15.204	    1.76	 -1.781E+000
   16.004	    1.69	 -8.451E-002
   16.804	    1.68	  4.386E+000
   17.604	    1.81	  6.080E+000
   18.405	    1.84	  3.559E+000
   19.205	    1.80	  3.666E+000
   20.005	    1.82	  4.926E+000
   20.805	    1.87	  5.507E+000
   21.605	    1.92	  5.096E+000
   22.406	    1.98	  4.284E+000
   23.206	    2.01	  1.763E+000
   24.006	    1.98	 -4.309E-001
   24.806	    1.92	 -1.213E+000
   25.606	    1.90	 -1.003E+000
   26.407	    1.90	 -1.788E+000
   27.207	    1.86	 -2.412E+000
   28.007	    1.82	 -2.121E+000
   28.807	    1.80	 -1.674E+000
   29.607	    1.78	 -1.296E+000
   30.408	    1.77	 -4.795E-001
   31.208	    1.77	  3.581E-001
   32.008	    1.79	  7.349E-001
   32.808	    1.80	  8.937E-001
   33.608	    1.81	  8.680E-001
   34.409	    1.82	  6.617E-001
   35.209	    1.83	  3.782E-001
   36.009	    1.83	 -5.098E-003
   36.809	    1.83	 -5.474E-001
   37.609	    1.81	 -8.358E-001
   38.410	    1.80	 -8.093E-001
   39.210	    1.79	 -7.788E-001
   40.010	    1.77	 -6.307E-001
   40.810	    1.77	 -2.008E-001
   41.610	    1.77	  9.859E-002
   42.411	    1.78	  7.476E-002
   43.211	    1.78	  8.423E-002
   44.011	    1.78	  1.004E-001
   44.811	    1.78	  4.237E-002
   45.611	    1.77	 -1.196E-001
   46.412	    1.77	  2.413E-001
   47.212	    1.78	  3.128E-001
   48.012	    1.78	  1.461E-001
   48.812	    1.79	 -1.345E-001
   49.612	    1.78	 -4.870E-001
   50.413	    1.77	 -8.184E-001
   51.213	    1.76	 -9.282E-001
   52.013	    1.74	 -8.519E-001
   52.813	    1.72	 -6.004E-001
   53.613	    1.71	 -1.020E-002
   54.414	    1.71	  6.006E-001
   55.214	    1.71	  1.071E+000
   56.014	    1.72	  1.442E+000
   56.814	    1.73	  1.785E+000
   57.614	    1.74	  1.940E+000
   58.415	    1.75	  1.956E+000
   59.215	    1.76	  1.941E+000
   60.015	    1.77	  1.853E+000
   60.815	    1.77	  1.667E+000
   61.615	    1.78	  1.409E+000
   62.416	    1.78	  1.141E+000
   63.216	    1.78	  7.791E-001
   64.016	    1.77	  4.792E-001
   64.816	    1.76	  2.665E-001
   65.616	    1.75	  1.666E-001
   66.417	    1.73	  3.576E-001
   67.217	    1.72	  9.302E-001
   68.017	    1.72	  1.244E+000
   68.817	    1.72	  1.521E+000
   69.617	    1.72	  1.815E+000
   70.418	    1.73	  2.089E+000
   71.218	    1.74	  2.225E+000
   72.018	    1.74	  2.253E+000
   72.818	    1.75	  2.288E+000
   73.618	    1.76	  2.152E+000
   74.419	    1.76	  1.961E+000
   75.219	    1.76	  1.788E+000
   76.019	    1.76	  1.697E+000
   76.819	    1.75	  1.631E+000
   77.619	    1.75	  1.656E+000
   78.420	    1.75	  1.716E+000
   79.220	    1.74	  1.766E+000
   80.020	    1.74	  1.885E+000
   80.820	    1.74	  2.018E+000
   81.620	    1.74	  2.165E+000
   82.421	    1.74	  2.298E+000
   83.221	    1.75	  2.533E+000
   84.021	    1.75	  2.628E+000
   84.821	    1.76	  2.624E+000
   85.621	    1.77	  2.529E+000
   86.422	    1.77	  2.333E+000
   87.222	    1.77	  2.025E+000
   88.022	    1.77	  1.833E+000
   88.822	    1.77	  1.714E+000
   89.622	    1.76	  1.605E+000
   90.423	    1.75	  1.620E+000
   91.223	    1.75	  1.678E+000
   92.023	    1.74	  1.822E+000
   92.823	    1.74	  1.956E+000
   93.623	    1.74	  2.187E+000
   94.424	    1.74	  2.366E+000
   95.224	    1.74	  2.550E+000
   96.024	    1.75	  2.713E+000
   96.824	    1.76	  2.784E+000
   97.624	    1.76	  2.739E+000
   98.425	    1.77	  2.615E+000
   99.225	    1.77	  2.536E+000
  100.025	    1.77	  2.317E+000
  100.825	    1.77	  2.187E+000
  101.625	    1.77	  2.020E+000
  102.426	    1.77	  1.953E+000
  103.226	    1.76	  1.833E+000
  104.026	    1.76	  1.826E+000
  104.826	    1.75	  1.873E+000
  105.626	    1.75	  1.939E+000
  106.427	    1.75	  2.110E+000
  107.227	    1.75	  2.230E+000
  108.027	    1.75	  2.425E+000
  108.827	    1.76	  2.438E+000
  109.627	    1.76	  2.497E+000
  110.428	    1.77	  2.317E+000
  111.228	    1.77	  2.224E+000
  112.028	    1.77	  2.030E+000
  112.828	    1.77	  1.951E+000
  113.628	    1.76	  1.816E+000
  114.429	    1.77	  1.710E+000
  115.229	    1.76	  1.745E+000
  116.029	    1.76	  1.606E+000
  116.829	    1.75	  1.774E+000
  117.629	    1.75	  1.524E+000
  118.430	    1.75	  2.030E+000
  119.230	    1.74	  1.520E+000
  120.030	    1.75	  1.936E+000
  120.830	    1.76	  2.348E+000
  121.630	    1.74	  2.173E+000
  122.431	    1.76	  2.243E+000
  123.231	    1.76	  2.201E+000
  124.031	    1.76	  2.030E+000
  124.831	    1.76	  1.987E+000
  125.631	    1.77	  1.728E+000
  126.432	    1.76	  1.654E+000
  127.232	    1.76	  1.420E+000
  128.032	    1.76	  1.396E+000
  128.832	    1.75	  1.231E+000
  129.632	    1.75	  1.242E+000
  130.433	    1.74	  1.241E+000
  131.233	    1.74	  1.332E+000
  132.033	    1.73	  1.472E+000
  132.833	    1.73	  1.596E+000
  133.633	    1.73	  1.780E+000
  134.434	    1.73	  1.823E+000
  135.234	    1.74	  1.902E+000
  136.034	    1.74	  1.871E+000
  136.834	    1.74	  1.850E+000
  137.634	    1.74	  1.764E+000
  138.435	    1.75	  1.657E+000
  139.235	    1.75	  1.530E+000
  140.035	    1.75	  1.366E+000
  140.835	    1.74	  1.235E+000
  141.635	    1.74	  1.125E+000
  142.436	    1.73	  1.112E+000
  143.236	    1.72	  1.151E+000
  144.036	    1.72	  1.308E+000
  144.836	    1.72	  1.503E+000
  145.636	    1.72	  1.674E+000
  146.437	    1.72	  1.795E+000
  147.237	    1.72	  1.870E+000
  148.037	    1.73	  1.884E+000
  148.837	    1.73	  1.808E+000
  149.637	    1.73	  1.738E+000
  150.438	    1.73	  1.612E+000
  151.238	    1.73	  1.480E+000
  152.038	    1.73	  1.318E+000
  152.838	    1.73	  1.181E+000
  153.638	    1.72	  1.044E+000
  154.439	    1.72	  1.042E+000
  155.239	    1.71	  1.149E+000
  156.039	    1.71	  1.239E+000
  156.839	    1.70	  1.432E+000
  157.639	    1.70	  1.607E+000
  158.440	    1.71	  1.741E+000
  159.240	    1.71	  1.763E+000
  160.040	    1.71	  1.860E+000
  160.840	    1.71	  1.844E+000
  161.640	    1.72	  1.782E+000
  162.441	    1.72	  1.686E+000
  163.241	    1.72	  1.565E+000
  164.041	    1.72	  1.415E+000
  164.841	    1.72	  1.244E+000
  165.641	    1.71	  1.179E+000
  166.442	    1.71	  1.060E+000
  167.242	    1.70	  1.201E+000
  168.042	    1.70	  1.279E+000
  168.842	    1.70	  1.415E+000
  169.642	    1.70	  1.460E+000
  170.443	    1.70	  1.640E+000
  171.243	    1.70	  1.672E+000
  172.043	    1.70	  1.630E+000
  172.843	    1.70	  1.696E+000
  173.643	    1.71	  1.689E+000
  174.444	    1.71	  1.698E+000
  175.244	    1.71	  1.455E+000
  176.044	    1.71	  1.547E+000
  176.844	    1.71	  1.299E+000
  177.644	    1.71	  1.371E+000
  178.445	    1.70	  9.991E-001
  179.245	    1.71	  1.427E+000
  180.045	    1.69	  1.235E+000
  180.845	    1.68	  1.041E+000
  181.645	    1.69	  1.381E+000
  182.446	    1.69	  1.569E+000
  183.246	    1.70	  1.469E+000
  184.046	    1.69	  1.630E+000
  184.846	    1.69	  1.580E+000
  185.646	    1.70	  1.814E+000
  186.447	    1.70	  1.617E+000
  187.247	    1.70	  1.699E+000
  188.047	    1.70	  1.573E+000
  188.847	    1.71	  1.497E+000
  189.647	    1.70	  1.307E+000
  190.448	    1.71	  1.155E+000
  191.248	    1.70	  1.116E+000
  192.048	    1.70	  9.853E-001
  192.848	    1.70	  1.039E+000
  193.648	    1.69	  9.696E-001
  194.449	    1.69	  1.064E+000
  195.249	    1.69	  1.064E+000
  196.049	    1.69	  1.185E+000
  196.849	    1.69	  1.228E+000
  197.649	    1.69	  1.318E+000
  198.450	    1.69	  1.397E+000
  199.250	    1.70	  1.380E+000
