1	0	0	0	1	1.2533547935523E-02	-0.5	0	0	0	0	0	0	0	0
2	0	0	0	1	7.8957634722828E+00	0.875	0	0	0	0	0	0	0	0
3	0	0	0	1	-8.7803203303561E+00	1	0	0	0	0	0	0	0	0
4	0	0	0	2	3.1802509345418E-01	0.5	0	0	0	0	0	0	0	0
5	0	0	0	2	-2.6145533859358E-01	0.75	0	0	0	0	0	0	0	0
6	0	0	0	3	-7.8199751687981E-03	0.375	0	0	0	0	0	0	0	0
7	0	0	0	4	8.8089493102134E-03	1	0	0	0	0	0	0	0	0
8	0	0	1	1	-6.6856572307965E-01	4	0	0	0	0	0	0	0	0
9	0	0	1	1	2.0433810950965E-01	6	0	0	0	0	0	0	0	0
10	0	0	1	1	-6.6212605039687E-05	12	0	0	0	0	0	0	0	0
11	0	0	1	2	-1.9232721156002E-01	1	0	0	0	0	0	0	0	0
12	0	0	1	2	-2.5709043003438E-01	5	0	0	0	0	0	0	0	0
13	0	0	1	3	1.6074868486251E-01	4	0	0	0	0	0	0	0	0
14	0	0	1	4	-4.0092828925807E-02	2	0	0	0	0	0	0	0	0
15	0	0	1	4	3.9343422603254E-07	13	0	0	0	0	0	0	0	0
16	0	0	1	5	-7.5941377088144E-06	9	0	0	0	0	0	0	0	0
17	0	0	1	7	5.6250979351888E-04	3	0	0	0	0	0	0	0	0
18	0	0	1	9	-1.5608652257135E-05	4	0	0	0	0	0	0	0	0
19	0	0	1	10	1.1537996422951E-09	11	0	0	0	0	0	0	0	0
20	0	0	1	11	3.6582165144204E-07	4	0	0	0	0	0	0	0	0
21	0	0	1	13	-1.3251180074668E-12	13	0	0	0	0	0	0	0	0
22	0	0	1	15	-6.2639586912454E-10	1	0	0	0	0	0	0	0	0
23	0	0	2	1	-1.0793600908932E-01	7	0	0	0	0	0	0	0	0
24	0	0	2	2	1.7611491008752E-02	1	0	0	0	0	0	0	0	0
25	0	0	2	2	2.2132295167546E-01	9	0	0	0	0	0	0	0	0
26	0	0	2	2	-4.0247669763528E-01	10	0	0	0	0	0	0	0	0
27	0	0	2	3	5.8083399985759E-01	10	0	0	0	0	0	0	0	0
28	0	0	2	4	4.9969146990806E-03	3	0	0	0	0	0	0	0	0
29	0	0	2	4	-3.1358700712549E-02	7	0	0	0	0	0	0	0	0
30	0	0	2	4	-7.4315929710341E-01	10	0	0	0	0	0	0	0	0
31	0	0	2	5	4.7807329915480E-01	10	0	0	0	0	0	0	0	0
32	0	0	2	6	2.0527940895948E-02	6	0	0	0	0	0	0	0	0
33	0	0	2	6	-1.3636435110343E-01	10	0	0	0	0	0	0	0	0
34	0	0	2	7	1.4180634400617E-02	10	0	0	0	0	0	0	0	0
35	0	0	2	9	8.3326504880713E-03	1	0	0	0	0	0	0	0	0
36	0	0	2	9	-2.9052336009585E-02	2	0	0	0	0	0	0	0	0
37	0	0	2	9	3.8615085574206E-02	3	0	0	0	0	0	0	0	0
38	0	0	2	9	-2.0393486513704E-02	4	0	0	0	0	0	0	0	0
39	0	0	2	9	-1.6554050063734E-03	8	0	0	0	0	0	0	0	0
40	0	0	2	10	1.9955571979541E-03	6	0	0	0	0	0	0	0	0
41	0	0	2	10	1.5870308324157E-04	9	0	0	0	0	0	0	0	0
42	0	0	2	12	-1.6388568342530E-05	8	0	0	0	0	0	0	0	0
43	0	0	3	3	4.3613615723811E-02	16	0	0	0	0	0	0	0	0
44	0	0	3	4	3.4994005463765E-02	22	0	0	0	0	0	0	0	0
45	0	0	3	4	-7.6788197844621E-02	23	0	0	0	0	0	0	0	0
46	0	0	3	5	2.2446277332006E-02	23	0	0	0	0	0	0	0	0
47	0	0	4	14	-6.2689710414685E-05	10	0	0	0	0	0	0	0	0
48	0	0	6	3	-5.5711118565645E-10	50	0	0	0	0	0	0	0	0
49	0	0	6	6	-1.9905718354408E-01	44	0	0	0	0	0	0	0	0
50	0	0	6	6	3.1777497330738E-01	46	0	0	0	0	0	0	0	0
51	0	0	6	6	-1.1841182425981E-01	50	0	0	0	0	0	0	0	0
52	0	0	0	3	-3.1306260323435E+01	0	20	150	1	1.21	0	0	0	0
53	0	0	0	3	3.1546140237781E+01	1	20	150	1	1.21	0	0	0	0
54	0	0	0	3	-2.5213154341695E+03	4	20	250	1	1.25	0	0	0	0
55	3.5	0.85	0	0	-1.4874640856724E-01	0	0	0.3	0	0	0.32	0.2	28	700
56	3.5	0.95	0	0	3.1806110878444E-01	0	0	0.3	0	0	0.32	0.2	32	800
